15
12 12 11 8 5 2 3 4 6 9 3 4 6 9 11 
15
9 3 4 6 9 11 4 9 10 12 4 4 12 12 3 
22
9 3 4 6 4 9 10 12 4 4 12 12 3 3 12 8 12 9 4 2 2 9 
32
9 3 4 6 9 3 4 6 9 10 12 4 4 12 12 3 3 12 8 12 9 4 2 2 9 4 2 2 6 8 5 12 
38
9 4 6 4 6 9 10 12 4 4 12 12 3 3 12 8 12 9 4 2 2 9 4 2 2 6 8 5 12 12 3 3 11 7 4 12 2 3 
43
9 4 6 4 9 10 12 4 4 12 12 3 3 12 8 12 9 4 2 2 9 4 2 2 6 8 5 12 12 3 3 11 7 4 12 2 3 5 4 9 11 4 4 
49
4 6 4 9 10 4 4 12 12 3 3 12 8 12 9 4 2 2 9 4 2 2 6 8 5 12 12 3 3 11 7 4 12 2 3 5 4 9 11 4 4 1 4 4 3 11 1 2 11 
54
4 9 10 4 12 12 3 3 12 8 12 9 4 2 2 9 4 2 2 6 8 5 12 12 3 3 11 7 4 12 2 3 5 4 9 11 4 4 1 4 4 3 11 1 2 11 3 6 9 5 6 11 5 12 
61
4 9 10 9 10 4 12 3 3 12 8 12 9 4 2 2 9 4 2 2 6 8 5 12 12 3 3 11 7 4 12 2 3 5 4 9 11 4 4 1 4 4 3 11 1 2 11 3 6 9 5 6 11 5 12 12 1 5 4 12 9 
63
4 4 10 9 10 4 12 3 3 12 8 12 9 4 2 2 9 4 2 2 6 8 5 12 12 3 3 11 7 4 12 2 3 5 4 9 11 4 4 1 4 4 3 11 1 2 11 3 6 9 5 6 11 5 12 12 1 5 4 12 9 6 2 
76
4 4 10 9 4 12 3 3 4 12 3 3 12 8 12 9 4 2 2 9 4 2 2 6 8 5 12 12 3 3 11 7 4 12 2 3 5 4 9 11 4 4 1 4 4 3 11 1 2 11 3 6 9 5 6 11 5 12 12 1 5 4 12 9 6 2 2 3 9 12 12 2 4 12 3 11 
80
4 4 10 9 4 12 3 3 12 8 12 9 4 2 2 9 4 2 2 6 8 5 12 12 3 3 11 7 4 12 2 3 5 4 9 11 4 4 1 4 4 3 11 1 2 11 3 6 9 5 6 11 5 12 12 1 5 4 12 9 6 2 2 3 9 12 12 2 4 12 3 11 11 2 3 6 12 6 5 7 
99
4 4 10 9 4 12 3 3 12 8 12 9 4 12 3 3 12 8 12 4 2 2 9 4 2 2 6 8 5 12 12 3 3 11 7 4 12 2 3 5 4 9 11 4 4 1 4 4 3 11 1 2 11 3 6 9 5 6 11 5 12 12 1 5 4 12 9 6 2 2 3 9 12 12 2 4 12 3 11 11 2 3 6 12 6 5 7 8 7 2 5 3 5 8 5 11 10 3 4 
110
4 10 9 4 12 3 3 12 3 12 8 12 9 4 12 3 3 12 8 12 4 2 2 9 4 2 2 6 8 5 12 12 3 3 11 7 4 12 2 3 5 4 9 11 4 4 1 4 4 3 11 1 2 11 3 6 9 5 6 11 5 12 12 1 5 4 12 9 6 2 2 3 9 12 12 2 4 12 3 11 11 2 3 6 12 6 5 7 8 7 2 5 3 5 8 5 11 10 3 4 9 1 12 3 2 4 3 7 8 7 
110
10 9 4 12 3 3 12 3 12 8 12 9 4 12 3 3 12 8 12 4 2 2 9 4 2 2 6 8 5 12 12 3 3 11 7 4 12 2 3 5 4 9 11 4 4 1 4 4 3 11 1 2 11 3 6 9 5 6 11 5 12 12 1 5 4 12 9 6 2 2 3 9 12 12 2 4 12 3 11 11 2 3 6 12 6 5 7 8 7 2 5 3 5 8 5 11 10 3 4 9 1 12 3 2 4 3 7 8 7 11 
111
3 3 12 3 12 8 12 9 4 12 3 3 12 8 12 4 2 2 9 4 2 2 6 8 5 12 12 3 3 11 7 4 12 2 3 5 4 9 11 4 4 1 4 4 3 11 1 2 11 3 6 9 5 6 11 5 12 12 1 5 4 12 9 6 2 2 3 9 12 12 2 4 12 3 11 11 2 3 6 12 6 5 7 8 7 2 5 3 5 8 5 11 10 3 4 9 1 12 3 2 4 3 7 8 7 11 9 4 4 11 7 
115
12 8 12 9 4 12 3 3 12 8 12 4 2 2 9 4 2 2 6 8 5 12 12 3 3 11 7 4 12 2 3 5 4 9 11 4 4 1 4 4 3 11 1 2 11 3 6 9 5 6 11 5 12 12 1 5 4 12 9 6 2 2 3 9 12 12 2 4 12 3 11 11 2 3 6 12 6 5 7 8 7 2 5 3 5 8 5 11 10 3 4 9 1 12 3 2 4 3 7 8 7 11 9 4 4 11 7 5 11 11 5 11 12 12 12 
121
12 12 9 12 3 3 12 8 12 4 2 2 9 4 2 2 6 8 5 12 12 3 3 11 7 4 12 2 3 5 4 9 11 4 4 1 4 4 3 11 1 2 11 3 6 9 5 6 11 5 12 12 1 5 4 12 9 6 2 2 3 9 12 12 2 4 12 3 11 11 2 3 6 12 6 5 7 8 7 2 5 3 5 8 5 11 10 3 4 9 1 12 3 2 4 3 7 8 7 11 9 4 4 11 7 5 11 11 5 11 12 12 12 12 10 4 8 10 10 1 1 
121
12 9 12 3 3 12 8 12 4 2 2 9 4 2 2 6 8 5 12 12 3 3 11 7 4 12 2 3 5 4 9 11 4 4 1 4 4 3 11 1 2 11 3 6 9 5 6 11 5 12 12 1 5 4 12 9 6 2 2 3 9 12 12 2 4 12 3 11 11 2 3 6 12 6 5 7 8 7 2 5 3 5 8 5 11 10 3 4 9 1 12 3 2 4 3 7 8 7 11 9 4 4 11 7 5 11 11 5 11 12 12 12 12 10 4 8 10 10 1 1 10 
124
12 12 3 12 8 12 4 2 2 9 4 2 2 6 8 5 12 12 3 3 11 7 4 12 2 3 5 4 9 11 4 4 1 4 4 3 11 1 2 11 3 6 9 5 6 11 5 12 12 1 5 4 12 9 6 2 2 3 9 12 12 2 4 12 3 11 11 2 3 6 12 6 5 7 8 7 2 5 3 5 8 5 11 10 3 4 9 1 12 3 2 4 3 7 8 7 11 9 4 4 11 7 5 11 11 5 11 12 12 12 12 10 4 8 10 10 1 1 10 4 10 5 9 11 
