2,8c2,8
< 3 3 5 
< 3 3 5 
< 3 3 5 
< 3 3 5 
< 3 3 5 
< 3 3 5 
< 3 3 5 
---
> 3 3 5 6 6 9 11 11 11 11 11 12 12 
> 3 3 5 6 6 9 11 11 11 11 11 11 11 11 12 12 
> 3 3 5 6 6 9 11 11 11 11 11 11 11 11 11 11 11 12 12 
> 3 3 5 6 6 9 11 11 11 11 11 11 11 11 11 11 11 11 11 11 12 12 
> 3 3 5 6 6 9 11 11 11 11 11 11 11 11 11 11 11 11 11 11 11 11 11 12 12 
> 3 3 5 6 6 9 11 11 11 11 11 11 11 11 11 11 11 11 11 11 11 11 11 11 11 11 12 12 
> 3 3 5 6 6 9 11 11 11 11 11 11 11 11 11 11 11 11 11 11 11 11 11 11 11 11 11 11 11 12 12 
